绿鸿红枣糕 500克/包 6.25 11.3 12 75 123
绿鸿心形红枣糕 500克/包 6.67 11.8 12 80 128
绿鸿姜汁软糕 500克/包 7.5 12.5 12 90 138
绿鸿杂粮糕 500克/包 6.25 11.3 12 75 123
绿鸿芝麻糕 500克/包 6.25 11.3 12 75 123
绿鸿绿豆糕 500克/包 6.25 11.3 12 75 123
绿鸿桂花糕 460克/包 6.67 11.8 12 80 128
绿鸿五豆糕 500克/包 7.5 12.5 12 90 138
绿鸿金菊卷 500克/包 8.75 13.8 12 105 153
绿鸿红豆糕 500克/包 7.5 12.5 12 90 138
绿鸿蜂蜜糕 380克/包 9 14 12 108 156
绿鸿心心相印（南瓜） 380克/包 7.92 13 12 95 143
绿鸿心心相印（紫薯） 380克/包 7.92 13 12 95 143
绿鸿贵妃切糕 300克/包 8.33 13.8 12 100 148
绿鸿芦荟糕 400克/包 9 14 10 90 138
绿豆馅糯米糍 45gx12/540g 7.25 12.3 20 145 193
绿鸿石磨芝麻糕 400克/包 8.5 13.5 10 85 133
绿鸿玫瑰奶糕 400克/包 8.5 13.5 10 85 133
绿鸿莲子百合糕 400克/包 8 13 10 80 128
绿鸿奶香糕 220克/包 6.25 11.25 12 75 123
绿鸿粗粮燕麦糕 220克/包 6.25 11.3 12 75 123
绿鸿桂花盏 400克/包 7.5 12.5 10 75 123
绿鸿黄金紫米卷 300克/包 8.13 13.2 8 65 113
绿鸿伦教糕 1000克/包 16.67 30 6 100 148
绿鸿方形红糖糕 2500克/包 28 45 4 112 160
绿鸿圆形红糖糕 160克/个 3.84 8.8 24 92 140
绿鸿马拉糕 160克/个 3.84 8.8 24 92 140
绿鸿黑糯米糕 360克/包 4.4 9.4 20 88 136
绿鸿黄金糕 500克/包 4.58 9.6 24 110 158
枣皇糕 600克/包 11 10.6 12 132 180
峰巢糕 400克/包 13 11.6 12 156 204
绿鸿双皮奶 30克*10粒/包 6.67 11.8 15 100 148
绿鸿绿茶佛饼 28克*32粒/包 16.67 21.8 6 100 148
绿鸿香芋地瓜丸 22克*20粒/包 4.2 9.2 10 42 90
绿鸿吉祥南瓜饼 28克*12粒/包 2.81 7.81 16 45 93
绿鸿榴莲角 21克*12粒/包 5 10 20 100 148
绿鸿香芋派 25克*10粒/包 4.25 9.25 20 85 133
绿鸿脆皮香芋卷 30克*10粒/包 5.25 10.25 20 105 153
黑糖糍粑 10条/包 5 10 20 100 180
红糖糍粑 12条/包 4.9 10 18 88 162
绿鸿脆皮香蕉 30克*10粒/包 3.9 8.9 20 78 126
绿鸿娘惹山药卷 25克*10粒/包 5 10 20 100 148
绿鸿金枕榴莲卷 25克*10粒/包 5 10 20 100 148
绿鸿金锥榴莲酥 30克*10粒/包 5.75 10.8 20 115 163
绿鸿玉米酥 25克*10粒/包 4 9 20 80 128
绿鸿金丝香芋酥 25克*10粒/包 7.92 13 12 95 143
绿鸿三鲜春卷 25克*12条/包 5.25 10.25 20 105 153
炸牛奶 30克*10条/包 10 15 20 200 280
绿鸿虾饺 25克x15粒/包 17.55 22.55 20 351 399
绿鸿灌汤小笼包 28克*12个/包 7.5 12.5 20 150 198
绿鸿珍珠糯米鸡 75克*9只/包 12.38 17.5 16 198 246
绿鸿荷香糯米鸡 185克*4只/包 11.08 16.2 12 133 178
绿鸿玉米饺 20克*12个/包 5.4 10.5 20 108 156
绿鸿韭菜饺 20克*12个/包 5.4 10.5 20 108 156
粟米饼 25克*12个/包 5 10 20 100 148
绿鸿潮州粉果 70克*12个/包 12 17 20 240 288
绿鸿水晶紫薯饼 80克*12个/包 10.67 15.8 9 96 144
绿鸿水晶南瓜饼 80克*12个/包 10.67 15.8 9 96 144
绿鸿南瓜饼 30克*12个/包 4.5 9.5 20 90 138
绿鸿奶皇水晶角 20克*12个/包 5.65 10.8 20 113 161
绿鸿水晶饼(莲容) 30克*12个/包 4.15 9.2 20 83 131
绿鸿水晶饼(豆沙) 30克*12个/包 4.15 9.2 20 83 131
绿鸿水晶饼(奶皇) 30克*12个/包 4.15 9.2 20 83 131
绿鸿猪肉烧卖 18克*28粒/包 12.75 17.75 20 255 303
红字糯米卷 45克x12个/包 8.33 13.5 18 150 198
红字叉烧包 40克x12个/包 8.06 13 18 145 193
红字奶皇包 40克x12个/包 8.06 13 18 145 193
红字紫薯包 40克x12个/包 8.06 13 18 145 193
红字流沙包 40克x12个/包 10.11 15.2 18 182 243
红字生肉包 40克x12个/包 8.06 13.06 18 145 193
绿鸿蜂巢肉松包 30克*10个/包 8 13 12 96 144
绿鸿菱格香橙卷 27克*10个/包 6.5 11.5 12 78 126
绿鸿葱油饼 35克*12块/包 10 15 20 100 148
绿鸿小叉烧包 20克*12个/包 4.55 9.6 20 91 139
绿鸿流沙包 20克*12个/包 4.8 9.8 20 96 144
绿鸿御品奶黄包 20克*12个/包 4.55 9.6 20 91 139
绿鸿天然紫薯包 20克*12个/包 4.8 9.8 20 96 144
绿鸿北方酱肉包 20克*12个/包 4.55 9.55 20 91 139
绿鸿鲜艾饼 40克x12个/包 8 13 10 80 128
绿鸿客家艾糍 45克ｘ12个/包 10.83 15.83 12 130 178
么么皮 500g 33张左右 10 15 30 300 370
四色薄饼皮 500g 30张左右 21cmx21cm 11 16 20 220 290
蛋挞皮2106 60个/包 15.45 20.45 11 170 218
蛋挞皮2107 34个/包 13.5 18.5 10 135 183
葡挞皮206 60个/包 15.45 20.45 11 170 218
葡挞皮207 30个/包 13.5 18.5 10 135 183
高桶蛋挞皮 30个/包 25 30 5 125 173
葡挞液 907克/支 17.5 22.5 12 210 258
鸡排 46  6 272 78
牛排 104  6 620 138
猪排 68  6 405 98