7 26 上海 6 65 37.5 72 3 -47.5 已收货 
7 29 广州白云 22 255.1 221.44 20 5 8.66 已收货 
7 29 广州南沙 28 266 241 20 5 0 已收货 
7 29 广州越秀 2 25.9 22.86 0 3 0.04 已收货 
7 29 广州海珠 3 40.4 34.88 0 3 2.52 已收货 
7 30 深圳 1 20 10 8 3 -1 已收货 
7 30 怀集 1 25 10 10 3 2 已收货 
7 31 广卫路 4 58.9 51.49 0 5 2.41 已收货 
7 31 广卫路 6 95.4 68.82 0 0 26.58 已收货 
7 31 广卫路 5 79.4 55.64 13 0 10.76 已收货 
7 31 梅县 7 81 32.06 11 3 34.94 已收货 
7 31 广州荔湾区 4 46 18.32 8 3 16.68 已收货 
7 31 广州海珠 4 52 30.46 9 3 9.54 已收货 
7 31 佛山大沥 6 77.5 46.15 10 3 18.35 已收货 
7 31 中山 30 370 300 20 5 45 已收货 
8 1 广州海珠区 4 68.2 42.38 10 3 12.82 已收货 
8 1 广州海珠区 4 53 27.15 8 3 14.85 已收货 
8 1 广州海珠区 2 35.9 22.86 8 3 2.04 已收货 
8 1 广州海珠区 5 79.5 54.02 8 3 14.48 已收货 
8 1 广州白云区石井 8 114.4 75.89 10 5 23.51 已收货 
8 1 广州白云区 2 30.5 23.8 0 3 3.7 已收货 
8 1 广州天河 4 70.4 49.19 8 3.2 10.01 已收货 
8 1 广州越秀 4 55 28.2 8 3.2 15.6 已收货 
8 2 啊熙 72 268.8 268.8 0 0 0 已收货 
8 3 广州海珠区 4 42 21.8 8 3.2 9 已收货 
8 4 湖南长沙 7 177.7 72.55 68 9 28.15 已收货 
8 4 肇庆高腰 10 158.8 108.61 12 9 29.19 已收货 
8 5 佛山禅城区 5 62 36.96 8 3 14.04 已收货 
8 5 肇庆市端州区 5 79.7 54.55 10 3 12.15 已收货 
8 5 广州白云区钟落潭 4 56.9 36.75 8 3 9.15 已收货 
8 6 广州白云区 4 71.9 45.86 8 3 15.04 已收货 
8 6 广州黄浦区 4 66.5 46.24 8 3 9.26 已收货 
8 6 广州金贵村 5 65.4 40.44 8 3 13.96 已收货 
8 6 佛山祖庙 8 102.8 62.43 9 9 22.37 已收货 
8 6 广州天河 4 65 44.9 8 3 9.1 已收货 
8 8 广州石井 13 208.1 142.64 13 9 43.46 已收货 
8 8 广州越秀 7 83.8 47.36 12 3 21.44 已收货 
8 8 广州海珠区 14 203 132.25 0 0 70.75 已收货 
8 8 深圳 4 70.8 50.63 11 3 6.17 已收货 
8 8 佛山乐从 11 164.7 109.38 12 9 34.32 已收货 
8 9 东莞厚街 1 78 46 8 3 21 已收货 
8 10 江西省 4 108.7 34.7 44 7 23 已收货 
8 10 广州海珠 6 81.9 51.71 9 5 16.19 已收货 
8 11 广州白云 4 54.5 33.75 8 3 9.75 已收货 
8 12 深圳 4 60 40 8 3 9 已收货 
8 12 汕头 5 72 46.78 13 3 9.22 已收货 
8 12 佛山禅城 5 82.1 56.94 8 3 14.16 已收货 
8 12 汕头 1 78 46 12 3 17 已收货 
8 12 惠州 2 36 20 8 3 5 已收货 
8 12 深圳 4 60.4 30.98 8 3 18.42 已收货 
8 13 广州荔湾区 8 101.8 61.61 9 5 26.19 已收货 
8 13 惠州龙门 21 280 189.03 14 5 71.97 已收货 
8 13 惠州龙门 3 33 18.75 8 3 3.25 已收货 
8 14 芳村 4 58.7 38.61 8 3 9.09 已收货 
8 14 顺德 4 65.6 45.49 8 3 9.11 已收货 
8 14 海珠区 5 78.6 53.38 8 3 14.22 已收货 
8 14 越秀区 4 63.2 43.32 8 3 8.88 已收货 
8 14 白云区 4 64.4 44.5 8 3 8.9 已收货 
8 14 辽宁省 1 40 10 25 3 2 已收货 
8 14 白云区 2 36.3 20.25 8 3 5.05 已收货 
8 14 海珠区 5 76.6 51.58 8 3 14.02 已收货 
8 15 黄浦区 6 81.7 51.65 9 3 18.05 已收货 
8 15 新市 1 21.8 10.83 8 3 -0.03 已收货 
8 15 顺德 4 61 40.8 8 3 9.2 已收货 
8 15 白云区 4 61.9 41.91 8 3 8.99 已收货 
8 16 白云区 4 61.2 41.09 8 3 9.11 已收货 
8 16 荔湾区 4 53.3 33.09 8 3 9.21 已收货 
8 16 黄浦区 6 102.8 72.88 8 3 18.92 已收货 
8 16 天河区 2 37.6 21.66 8 3 4.94 已收货 
8 16 惠州龙门 3 51 30 8 3 10 已收货 
8 16 越秀区 4 54.2 34.14 8 3 9.06 已收货 
8 16 海珠区 5 69 43.75 8 3 14.25 已收货 
8 17 江门 2 31 15 10 3 3 已收货 
8 17 广西 2 64 20 24 3 17 已收货 
8 17 海珠区 4 49.4 29.02 8 3 9.38 已收货 
8 17 荔湾区 4 58.6 38.17 8 3 9.43 已收货 
8 18 汕头 18 243 181.98 20 5 36.02 已收货 
8 18 番禺 4 60.5 40.36 8 3 9.14 已收货 
8 19 深圳龙华 5 75 50 8 3 14 已收货 
8 20 东莞虎门 1 21 10 8 3 0 已收货 
8 20 中山古镇 90 1110 900 36 5 169 已收货 
8 21 天河区 6 96.2 65.99 8 3 19.21 已收货 
8 21 深圳保安 4 64.8 44.32 8 3 9.48 已收货 
8 21 东莞 3 44.5 23.42 8 3 10.08 已收货 
8 22 荔湾区 5 59.4 34.27 8 3 14.13 已收货 
8 22 东莞 9 115.5 70.26 10 3 32.24 已收货 
8 22 惠州 4 57 36.89 8 3 9.11 已收货 
8 23 广州越秀区 4 61.1 40.6 8 3 9.5 已收货 
8 23 从化 4 48.1 27.92 8 3 9.18 已收货 
8 24 深圳龙岗 2 35.5 19.5 8 3 5 已收货 
8 24 云南 3 42.2 27.13 0 5 10.07 已收货 
8 24 中山古镇 2 36 20 8 3 5 已收货 
8 24 天河区 4 58.8 38.81 8 3 8.99 已收货 
8 25 深圳福田 4 38.4 18.32 8 3 9.08 已收货 
8 25 白云区 4 60 40 8 3 9 已收货 
8 26 清远 6 69.3 38.99 13 3 14.31 已收货 
8 26 清远 4 46.6 25 10 3 8.6 已收货 
8 26 东莞长安 2 37.6 21.66 8 3 4.94 已收货 
8 26 佛山南海 4 52 32.24 8 3 8.76 已收货 
8 27 东莞 4 59.2 38.94 8 3 9.26 已收货 
8 27 深圳宝安区 5 47 22 8 3 14 已收货 
8 27 海珠区 7 156.5 94.13 12 5 45.37 已收货 
8 28 白云区 2 31 15 8 3 5 已收货 
8 28 天河区 2 37 21 8 3 5 已收货 
8 28 越秀区 4 50 29.74 8 3 9.26 已收货 
8 29 海南岛 1 41 12 22 5 2 已收货 
8 29 佛山三水 2 36 20 8 3 5 已收货 
8 29 汕头 10 160 120 18 5 17 已收货 
8 29 佛山顺德 2 47 31 8 3 5 已收货 
8 29 深圳龙岗 3 54.6 33.56 8 3 10.04 已收货 
8 29 南沙 13 184.4 118.25 12 5 49.15 已收货 
8 30 阳江 2 156 92 9 3 52 已收货 
8 30 惠州惠阳 6 78.8 48.58 8 3 19.22 已收货 
8 31 清远佛冈 9 107.4 60 10 3 34.4 已收货 
8 31 黄埔 6 90.4 59.98 9 3 18.42 已收货
9 1 东莞 2 36 20 8 3 5 已收货 
9 1 东莞 3 56.4 35.3 8 3 10.1 已收货 
9 1 深圳南山 2 36 20 8 3 5 已收货 
9 1 番禺 5 51.4 34.44 8 3 5.96 已收货 紫薯包送达时袋已穿，已重发一包给顾客
9 1 越秀区 6 94.7 64.43 13 5 12.27 已收货 
9 1 深圳龙岗 4 67 46.8 8 3 9.2 已收货 
9 1 顺德陈村 5 56.2 31.13 8 3 14.07 已收货 
9 2 东莞大朗镇 19 359 262.7 15 5 76.3 已收货 
9 2 东莞大朗镇 6 66.6 36.55 8 3 19.05 已收货 
9 2 番禺 2 30.2 20.08 8 3 -0.88 已收货 
9 2 增城中新镇 4 63.2 43.32 8 3 8.88 已收货 
9 3 西安 2 69.3 18.17 30 5 16.13 已收货 
9 3 东莞大朗镇 40 344 188 15 5 136 已收货 
9 4 顺德 4 44.9 24.86 8 3 9.04 已收货 
9 4 佛山南海 1 78 46 8 3 21 已收货 
9 5 清远佛冈 10 117.2 62.5 12 3 39.7 已收货 
9 5 番禺大学城 4 60.2 40.08 8 3 9.12 已收货 
9 5 佛山顺德伦教 3 34.2 13.2 8 3 10 已收货 
9 5 深圳宝安 2 40 24 8 3 5 已收货 
9 7 番禺 4 45.8 25.66 8 3 9.14 已收货 
9 7 中山东凤镇 15 203.5 128.35 13 5 57.15 已收货 
9 7 深圳龙岗 4 45.1 25 8 3 9.1 已收货 
9 8 安徽省 1 38.5 8.5 23 3 4 已收货 
9 8 河源紫金 24 380.7 233.36 15 5 127.34 已收货 
9 8 河源紫金 3 73.8 52.65 0 0 21.15 已收货 
9 8 海珠区 5 68.3 43.16 8 3 14.14 已收货 
9 9 东莞凤岗镇 8 84 43.2 9 3 28.8 已收货 
9 9 越秀区 5 59.8 34.65 8 3 14.15 已收货 
9 9 深圳南山区 4 40 20 8 3 9 已收货 
9 9 白云区 12 112.8 52.8 11 5 44 已收货 
9 9 白云区 2 36 20 8 3 5 已收货 
9 10 河源 4 46.7 26.65 10 3 7.05 已收货 
9 10 中山东凤镇 10 141 90.85 10 5 35.15 已收货 
9 10 顺德 2 33.1 17.08 8 3 5.02 已收货 
9 10 中山古镇镇 90 1110 900 37 5 168 已收货 
9 10 潮州市饶平县 4 43.2 33.75 10 3 -3.55 已收货 客人反映：奶黄水晶角变酸，现已退款。 
9 10 东莞市凤岗镇 3 43.5 22.5 8 3 10 已收货 
9 11 云浮市云城区 4 60 55 12 3 -10 已收货 客人收到货后，发现其中一包的么么皮开裂了，已退回15块。
9 11 白云区 4 67.9 47.8 8 3 9.1 已收货 
9 12 清远清城区 4 54.7 34.74 12 3 4.96 已收货 
9 12 番禺 4 38.4 18.32 8 3 9.08 已收货 
9 13 番禺市桥 2 35.2 19.14 8 3 5.06 已收货 
9 14 清远佛冈 10 117.9 62.5 12 3 40.4 已收货 
9 14 顺德 2 30.2 14.15 8 3 5.05 已收货 
9 14 东莞虎门 4 54.8 34.41 8 3 9.39 已收货 
9 14 揭阳市榕城区 4 54.3 34.14 10 3 7.16 已收货 
9 15 珠海香洲 2 34.3 18.33 8 3 4.97 已收货 
9 15 海珠区 9 119.3 73.96 10 5 30.34 已收货 
9 16 花都 4 59.6 39.66 8 3 8.94 已收货 
9 16 白云区 2 30.5 13.75 8 3 5.75 已收货 
9 16 深圳宝安 6 94.2 63.74 9 5 16.46 已收货 
9 17 惠州市惠城区 5 123.9 71.81 9 5 38.09 已收货 
9 17 花都新华街道 4 53.2 32.33 8 3 9.87 已收货 
9 17 花都区狮岭镇 6 85.5 54.95 9 3 18.55 已收货 
9 18 深圳龙岗 2 36 20 8 3 5 已收货 
9 18 深圳宝安 2 39.1 22.95 8 3 5.15 已收货 
9 19 佛山禅城 5 51.1 26.03 8 3 14.07 已收货 
9 19 番禺 4 36.8 16.8 8 3 9 已收货 
9 19 珠海香洲 2 36 20 8 3 5 已收货 
9 19 深圳宝安 2 37 21 8 3 5 已收货 
9 20 佛山三水 14 202.3 131.73 14 5 51.57 已收货 
9 20 花都新华街道 4 47.8 26.25 8 3 10.55 已收货 
9 20 中山 4 70.4 49.97 12 3 5.43 已收货 
9 21 白云区 5 66.7 41.74 8 3 13.96 已收货 
9 21 荔湾区 5 67.6 42.36 8 3 14.24 已收货 
9 21 深圳宝安 4 42.8 22.73 8 3 9.07 已收货 
9 21 汕尾海丰 2 31 15 8 3 5 已收货 
9 21 山西 1 133 46 44 5 38 已收货 
9 22 深圳福田区 6 79.7 49.41 9 3 18.29 已收货 
9 22 白云区 4 69.9 49.8 8 3 9.1 已收货 
9 22 江门市新会区 6 85.5 55.47 12 5 13.03 已收货 
9 23 中山市东凤镇 5 62.5 37.5 8 3 14 已收货 
9 23 汕头市金平区 4 53.1 32.96 12 3 5.14 已收货 
9 23 河源 2 24.8 8.8 10 3 3 已收货 
9 24 东莞市东坑镇 2 36 20 8 3 5 已收货 
9 25 惠州市惠城区 4 53.5 33.45 8 3 9.05 已收货 
9 26 东莞东城街道 4 67 46.8 8 3 9.2 已收货 
9 27 荔湾区 5 77.8 52.63 8 3 14.17 已收货 
9 27 越秀区登峰街 4 250 173.83 11 3 62.17 已收货 
9 27 深圳宝安 2 37.6 21.66 8 3 4.94 已发货 
9 27 天河五山 3 53.4 32.49 8 3 9.91 已发货 
9 27 东莞市东坑镇 7 105 70 9 3 23 已发货 
9 27 深圳福田区 3 117.6 69.58   48.02 已发货 